These are the same plans, given in text form for more clarity

Blue Rotor:
{01, 02, 03, 04, 05, 06, 07, 08, 09, 10, 11, 12, 13, 14, 15, 16, 17, 18, 19, 20, 21, 22, 23, 24, 25, 26}
						mapped to
{10, 04, 26, 21, 06, 01, 14, 07, 24, 05, 15, 25, 03, 17, 12, 18, 11, 22, 23, 16, 08, 19, 13, 09, 02, 20}

Red Rotor:
{01, 02, 03, 04, 05, 06, 07, 08, 09, 10, 11, 12, 13, 14, 15, 16, 17, 18, 19, 20, 21, 22, 23, 24, 25, 26}
						mapped to
{20, 04, 07, 24, 01, 12, 26, 06, 14, 02, 17, 21, 09, 05, 22, 08, 15, 25, 16, 13, 11, 03, 10, 18, 23, 19}

Green Rotor:
{01, 02, 03, 04, 05, 06, 07, 08, 09, 10, 11, 12, 13, 14, 15, 16, 17, 18, 19, 20, 21, 22, 23, 24, 25, 26}
						mapped to
{02, 11, 16, 12, 26, 19, 03, 13, 06, 20, 08, 05, 22, 17, 01, 15, 21, 07, 24, 04, 14, 09, 23, 18, 10, 25}

Reflector:
{01, 02, 03, 04, 05, 06, 07, 08, 09, 10, 11, 12, 13, 14, 15, 16, 17, 18, 19, 20, 21, 22, 23, 24, 25, 26}
						mapped to
{04, 16, 11, 01, 21, 13, 19, 24, 14, 12, 03, 10, 06, 09, 23, 02, 26, 25, 07, 22, 05, 20, 15, 08, 18, 17}