0.12 w
q 0 0 0 rg
BT
56.75 178.1 Td /F1 18 Tf[<01>2<02>2<03>2<04>2<05>-4<01>2<06>2<07>-4<08>2<03>2<09>-4<0A>2<0B>2<0C>2<07>-4<0A>2<0D>2<0E>-4<0F>2<10>2<11>2<12>2<0A>-4<13>2<14>2<15>-4<06>2<16>2<17>-4<15>2<18>]TJ
ET
Q
q 56.75 236.75 498.5 498.5 re
W* n
0 1 0 rg
138.55 729 m
138.7 729 140.25 728.9 142.05 728.8 c 145.85 728.5 148 727.9 149.05 726.8 c
149.8 726.05 l 150 721.35 l 150.05 718.8 150.15 713.75 150.15 710.15 c
150.2 703.6 l 184.8 703.6 l 222.3 703.6 265.75 703.25 282.7 702.85 c
304.2 702.3 327.25 701.3 331.2 700.7 c 342.8 699 354.05 692.45 359.35 684.35 c
362.8 679.05 365.45 672.15 366.45 665.9 c 366.7 664.25 366.85 660.35 367 653.65 c
367.15 643.75 l 430.7 643.6 l 465.65 643.5 498.45 643.35 503.6 643.2 c
508.75 643.05 518.65 642.95 525.6 642.95 c 537.15 642.95 538.35 642.9 540.1 642.45 c
545.15 641.2 548.7 637.95 550.1 633.35 c 550.55 631.85 550.6 631.2 550.5 628.5 c
550.4 626.4 550.15 624.6 549.8 623.2 c 549.25 621.15 548 617.85 547.4 616.85 c
547.2 616.55 545.05 611.4 542.55 605.35 c 535.45 588.2 533.65 583.95 533.2 583.15 c
533 582.75 530.55 576.4 527.75 569.05 c 524.95 561.7 519.65 547.95 515.95 538.45 c
511.45 526.7 509.35 521.05 509.45 520.6 c 509.6 519.95 512.9 511.95 528.2 475.05 c
533.1 463.25 539.3 448.35 542 441.85 c 544.65 435.45 547 429.9 547.15 429.65 c
548.6 427.3 550.05 422.1 550.2 418.65 c 550.6 411.1 547 406.05 539.8 404.1 c
537.9 403.55 537.9 403.55 492.85 403.55 c 428.8 403.6 330.45 404.45 327.45 404.65 c
318.35 405.3 311.65 407.5 305.25 411.1 c 301.1 413.5 294.65 419.5 292.1 423.65 c
288.3 429.8 287 436.15 286.8 439.5 c 286.55 444.55 286.6 445.35 286.45 451.5 c
286.3 457.6 286.1 462.65 286.05 462.7 c 285.95 462.8 255.4 462.85 218.05 462.9 c
150.2 462.95 l 150.2 267 l 177.6 267 l 204.5 267 213.2 266.8 215.35 266.25 c
216.95 265.8 218.65 263.95 219.05 262.25 c 219.45 260.35 219.8 254.4 219.8 249.25 c
219.8 244.85 l 210.3 244.7 l 205 244.65 169.4 244.55 131.05 244.5 c
61.45 244.45 l 61.35 249.3 l 61.25 254.85 61.65 260.6 62.2 262.4 c
62.6 263.8 63.95 265.3 65.3 265.85 c 67 266.55 74.6 266.8 101.75 266.95 c
116.45 267.05 128.5 267.2 128.6 267.3 c 128.7 267.4 129.05 366.5 129.95 642.55 c
130.15 695.95 130.3 725.25 130.45 725.85 c 130.9 727.55 132.55 728.35 136.4 728.75 c
137.45 728.9 138.45 729 138.55 729 c 138.55 729 l h
208.25 680.7 m
150.2 680.9 l 150.25 582.95 l 150.3 485.05 l 222.7 484.9 l
274.2 484.8 295.75 484.7 297.35 484.45 c 300.95 484.05 303.45 482.8 306 480.35 c
308.95 477.45 308.95 475.85 308.85 461.15 c 308.8 453.4 308.25 444.05 308.8 441.25 c
309.95 435 313.25 432.5 315.25 430.85 c 317.4 429.05 323.1 426.35 328.05 426.1 c
331.85 425.95 350.5 425.95 434 425.95 c 481.2 425.95 519.9 426 520.05 426.1 c
520.35 426.3 520.5 425.8 513.9 440.85 c 506.25 458.2 494.95 484 492.25 490.15 c
489.5 496.45 486.75 502.65 483.95 508.95 c 480.9 515.7 480.85 518 480.8 520.35 c
480.75 522.75 481.05 525.45 483.85 532.75 c 484.8 535.2 486.1 538.6 486.75 540.35 c
488.65 545.35 497.05 566.7 508.1 594.6 c 513.75 608.9 518.3 620.6 518.2 620.7 c
518.15 620.75 484.2 620.85 442.8 620.9 c 367.6 620.95 l 367.6 613.9 l
367.6 599.4 366.75 549.55 366.35 540.3 c 366.1 534.55 366.05 534.3 364.25 532.65 c
361.5 530.15 358.3 529.4 354 530.25 c 350.25 530.95 348.3 532.3 346.8 535.15 c
345.85 537.05 345.95 532.65 345.6 585.65 c 345.25 642.9 344.95 663.4 344.5 665.25 c
344 667.2 342.6 669.75 340.8 671.95 c 337.7 675.8 334.4 678 329.15 679.8 c
328.15 680.15 323.95 680.2 297.2 680.35 c 280.25 680.45 240.25 680.65 208.25 680.7 c
208.25 680.7 l h
f*
249.65 648.3 m
298.15 648.25 295 648.35 299.05 646.45 c 305.25 643.55 309.3 638.75 311.55 631.65 c
312.15 629.65 l 312.15 586.05 l 312.15 562.1 312.05 540.6 311.9 538.35 c
311.65 533.05 310.9 530.55 308.8 527.2 c 305.85 522.6 301.45 519.25 296.3 517.75 c
294.3 517.15 293.45 517.05 288.2 516.85 c 284.9 516.75 264.1 516.7 240.65 516.8 c
198.95 516.9 l 196.2 517.8 l 193 518.75 190.8 519.95 188.35 521.95 c
185.35 524.45 182.35 528.95 181.2 532.7 c 180.5 534.95 180.35 548.4 180.5 590.4 c
180.65 630.3 l 181.3 632.3 l 183.4 639 188.1 644.2 194.15 646.7 c 197 647.85 197.55 647.95 201.95 648.15 c
204.3 648.25 225.75 648.3 249.65 648.3 c 249.65 648.3 l h
247.5 624.35 m
227.95 624.4 211.3 624.3 210.45 624.25 c 208.75 624.05 207.55 623.45 206.25 621.95 c
204.45 619.95 204.6 623.5 204.6 582.6 c 204.6 545.7 l 205.35 544.45 l
206.15 542.95 207.15 542.05 208.85 541.2 c 210.05 540.6 l 238.95 540.6 l
274.65 540.65 283.25 540.8 284.4 541.4 c 285.55 542 286.9 543.5 287.6 544.9 c
288.2 546.05 l 288.2 580.2 l 288.2 598.95 288.1 615.65 287.95 617.25 c
287.85 619 287.6 620.45 287.35 620.9 c 286.95 621.75 285.35 623.15 283.95 623.85 c
283.1 624.3 281.8 624.35 247.5 624.35 c 247.5 624.35 l h
f*
246.6 600.5 m
261.75 600.5 l 262.85 599.4 l 263.8 598.45 263.95 598.1 264.1 596.95 c
264.2 596.25 264.25 589.3 264.2 581.5 c 264.1 567.45 l 263.55 566.5 l
263.25 566 262.55 565.35 262.1 565.05 c 261.25 564.55 261 564.55 247.3 564.55 c
239.7 564.55 232.8 564.65 232.1 564.75 c 230.6 565 229.65 565.6 228.9 566.85 c
228.45 567.65 228.4 568.1 228.4 582.65 c 228.4 597.65 l 229.05 598.65 l
229.45 599.2 230.1 599.85 230.55 600.1 c 231.35 600.45 233 600.5 246.6 600.5 c
246.6 600.5 l h
f*
361.6 512.1 m
363.75 511.35 365.6 509.65 366.4 507.65 c 366.95 506.3 366.95 506.05 367.05 491.4 c
367.15 476.55 367.15 476.5 366.6 475.45 c 365.8 473.85 363.95 472.2 361.85 471.25 c
360.4 470.5 359.65 470.35 358.05 470.25 c 353.85 470 349.85 471.55 346.75 474.6 c
345 476.35 345.1 475.75 344.9 491.55 c 344.8 504.45 344.85 505.9 345.2 507.05 c
346.1 509.75 348.15 511.45 351.6 512.4 c 354.25 513.1 359.2 512.95 361.6 512.1 c
361.6 512.1 l h
f*
Q 