0.037333010929347044
0.8050054545408786
0.8920406613197531
0.6981317383105596
0.29419871243643503
0.19101339736367262
0.7634584397791571
0.6362552833379148
0.5394132477701635
0.6670655723107487
0.5588937005109865
0.7551765181883524
0.6354386107409429
0.2728255628075261
0.8587828439078122
0.43791223760461373
0.03263861171678517
0.5114798032920108
0.1113688178413953
0.06872189900254488
0.6185609220509081
0.26496979774507423
0.6097424512281722
0.28892296890729674
0.345795604673364
0.2491371519395279
0.1327964833864671
0.5753769273448288
0.3437883945554111
0.4246117636731169
0.5756151586750511
0.5557728691688003
0.3780346747949451
0.3234760630889262
0.8736575842370164
0.555902593692963
0.5208772092753311
0.2663060632355324
0.02669769450274262
0.8103038059312001
0.5674859346488941
0.659780707612257
0.2959575114599846
0.9374668778357651
0.44345038851358687
0.3637187381048821
0.9980918153167745
0.5955990965933995
0.6442474046922811
0.41827834043441114
0.8744780341390787
0.5857470940677512
0.8460879757084628
0.11497234730497052
0.247384841242152
0.989599307294355
0.7133055445669915
0.561487107459319
0.04622033185995256
0.546618588322341
0.008718183130950852
0.4904979332210524
0.502087690129095
0.6279237924953333
0.5204473599373801
0.05683518044349045
0.633171698121365
0.34721918519380335
0.44813273409252385
0.9930734657303364
0.8483738290683138
0.8306658364008681
0.43899881665685936
0.41248527798183077
0.7301498207918742
0.5641850915837885
0.922205489360741
0.28013516820053574
0.3983009032314454
0.7829731856988775
0.42115479490256247
0.594274264852766
0.26064488467443714
0.18218549295845976
0.6028963716756912
0.18418275888031777
0.20176703998658962
0.8255820540011164
0.8680549368932223
0.6097094454255456
0.9753886624062179
0.18044959762249646
0.7283449046074251
0.9672759090924735
0.5667960196366112
0.5905766778686676
0.3832045193672229
0.01952613166287187
0.7640934271914368
0.6645501474942204
0.024032754678577573
0.7712552554922981
0.4625631342997093
0.2757067627212063
0.8481255101529184
0.9694259079762751
0.9377624190841121
0.5460219657765293
0.5277741496808213
0.5618077801309485
0.027156173765299663
0.5388239794298587
0.2559475013214335
0.08402336450348702
0.204937656192397
0.9666841968721726
0.9494481638530343
0.6751636504154394
0.22251852388615723
0.5006449710690769
0.6188162094990004
0.7614974602758569
0.9253747980361157
0.32533430008181996
0.6273463580856469
0.49983660642889716
0.05144842272066985
0.9739989453269936
0.4935665599330872
0.08808128024226813
0.8345607907769825
0.3198939271372241
0.8696124076642107
0.36184812150509393
0.07310099866320174
0.09697572561963907
0.9463292919529808
0.8670673952486871
0.2466475580726316
0.06152133800180615
0.5487730595095244
0.12683632851646165
0.46302001789838376
0.0637938590858943
0.5009165407278067
0.8593265026779601
0.22132263101055938
0.08103623078559252
0.3802547027226584
0.30982115654729725
0.012834653180530453
0.8001851974679324
0.24661115509187959
0.3030544867192715
0.9726121094978116
0.23935156960671855
0.7902922049313468
0.10718915732969503
0.5902570569868796
0.6574708553341866
0.41748813444648936
0.7850855813079409
0.6467246766623627
0.13507466543862423
0.3113518757725703
0.6876927889823954
0.341343269620083
0.7458569473849151
0.5159691018534438
0.3061632572573615
0.12770564081751679
0.8395456521621034
0.37528131209540916
0.28086145353368763
0.932726637668912
0.1014569195199515
0.14324630623607248
0.9021033017710143
0.09094461363808204
0.22655562466618584
0.07973048444084019
0.42611615766880995
0.7354268087324624
0.8853682144903037
0.21131659708502215
0.20289658691826162
0.5504503016883784
0.32006934896091
0.9054550587492582
0.38788728343527246
0.060733230262967286
0.20658338026250522
0.32303464777704216
0.17855784323624124
0.316186879715584
0.5827408954098975
0.9883180156798131
0.3592830905068233
0.3821193294568215
0.6150720611008095
0.4295457847414388
0.754655833631015
0.7235581758271132
0.42221919047705214
0.8047488840454403
0.7549111384623068
0.27064549505027646
0.2644964839566647
0.31007652818487264
0.58358567878882
0.8843718875334347
0.48640222888495266
0.3100388429724208
0.6380786430206223
0.33429642471956234
0.9348537387371498
0.7564140879305152
0.2743859956227501
0.758464458884293
0.8159676710777519
0.596417302178981
0.15232513815572157
0.3771120069252244
0.916855263692182
0.6134306572141162
0.30499053231365403
0.37485228476173893
0.5102677888712548
0.6046043764755239
0.49025398504455264
0.5676194068712264
0.07172903318668045
0.5118754044547453
0.3366418521096798
0.15736100432457467
0.1752372282077319
0.9926920710490917
0.7600400792523754
0.43762545687828425
0.7765164435239443
0.936131561820563
0.12488943377488526
0.5243193191616314
0.2727127227977587
0.7322511464567204
0.8329093373363642
0.65127028044484
0.07621849636807676
0.6015335865735006
0.8808246633823246
0.20126228266074386
0.22493180347844388
0.05802457045845322
0.7695316659900662
0.6623130853857808
0.848447350391758
0.9619855604842629
0.3927421250761305
0.8667938041406755
0.29462800491687446
0.7657253114825956
0.961903459247348
0.8521521379479893
0.09281772027544377
0.06191354404742788
0.027057162932663914
0.5352795618231824
0.5366059887818235
0.3811658740732985
0.09969663000539863
0.9768762949948633
0.350849671166366
0.2534849224335247
0.3466967744468449
0.9663431780422539
0.40410983965642
0.11595533852957463
0.24368518452910037
0.9273932227528655
0.6084047220588031
0.1384647785207428
0.2703790323261459
0.4778890078006848
0.23814914358986639
0.579095774977262
0.3366468913623647
0.39746432772783247
0.39290615477682145
0.1306960307480971
0.63740758598689
0.7960877845072628
0.3554796273519063
0.044298816746125014
0.20030416297122433
0.07021457552746035
0.9079889865914356
0.6527977500823
0.9501098235966022
0.8637459336718171
0.3744535874479311
0.4688234237328043
0.9616052187213596
0.7028140406245911
0.6558799439486714
0.5491889545366956
0.4213827242091157
0.8476718848718847
0.18646721908796726
0.2082270296225891
0.511745427466213
0.3620713462886933
0.3080009994989221
0.5842217757868551
0.2014175491131338
0.9782501666931415
0.4040837920494119
0.3768138258522934
0.7597134935204297
0.5357506954232125
0.9477607807896788
0.325789632859927
0.6707393711911325
0.078180909924775
0.3366385005785051
0.31636545004003325
0.6978100540220911
0.8041016824223969
0.19995575098156826
0.9356546246786182
0.31972431798903445
0.7829358863310726
0.4250692530185811
0.17520312006007355
0.6145282675648083
0.1472384700022984
0.38389754303953827
0.4485816209498473
0.45120326348136286
0.8917412421961814
0.07085316106814388
0.3208076958734981
0.1984221735651982
0.21137753357789202
0.08053401131821047
0.15932419767196337
0.8642532612849263
0.13819953097092352
0.20833471252196145
0.9448838370855833
0.8417859333752945
0.36740506603996403
0.9898722617665896
0.49647000821822196
0.7436316903577935
0.32366623865010824
0.679144584085725
0.05073657662604891
0.5730038839057312
0.0014823627541478146
0.42174699102043234
0.4184097603483864
0.824574555137542
0.4287187518452422
0.3351144459442583
0.8145317684730506
0.9426912989442219
0.9462981226096103
0.4628371938885103
0.05311781456092446
0.44905519896744905
0.11046081849189437
0.6396301331695198
0.0901381630035546
0.43030986430283946
0.22700312142968826
0.9838063007420359
0.7106369561694124
0.7217093479582223
0.6447401848640755
0.36852139244629023
0.57691108845682
0.4185383127819976
0.43603883593327497
0.9296620462439376
0.9818776212067797
0.5874586626343539
0.1984553425915475
0.725196619987495
0.3446978040949987
0.9415749414268033
0.4935956864906601
0.38431470020840564
0.6896742340675093
0.4968181187378805
0.48493866066399083
0.9442457000665802
0.8377175114309153
0.43366705961151786
0.23795204535985381
0.1851669158963084
0.010787002777116528
0.06595578665244417
0.13575491945267026
0.9332192685937326
0.864714312738618
0.1804399593575704
0.03387595162863044
0.7919607600350982
0.44323018821630833
0.41437894534010644
0.9428304604075279
0.9927580357851272
0.0064284694415400745
0.8335799730135401
0.6729651992796722
0.4043429859509666
0.7554768883872109
0.5924574181084356
0.9315482032200589
0.664575457509193
0.0674432734975553
0.4489893223004796
0.7744431628860433
0.37350525363314235
0.08906121613494611
0.726938703988597
0.4691158503210707
0.12008651310759388
0.2884269560509304
0.7466940590436205
0.20966565617214983
0.3735714593742274
0.8767764319675966
0.24341186381766833
0.36445257973883394
0.5586398296919736
0.8725223636610261
0.07564183209962416
0.8103579630928267
0.8404801231931628
0.6076388713404615
0.2129815547969548
0.6475721628445053
0.5319550532338067
0.2537251460321567
0.07855307402078049
0.6499069746229409
0.7143897786064575
0.4135056784374761
0.4921563168528774
0.4363693223770686
0.44739057669955196
0.043459283517611635
0.3822754274938366
0.9893320395385464
0.6456937204498552
0.29480020233010695
0.7277080247322015
0.1885334005799798
0.26053311705649296
0.6160109969155354
0.764323761871541
0.5272608840100743
0.6435349045911163
0.3881491682524725
0.930943920865321
0.6446224466445961
0.10422445572114647
0.6257973224937181
0.07012845233373688
0.2063877623289101
0.678315232332412
0.14668381370152772
0.6014803507302828
0.8985813827924127
0.16621013032771448
0.9975150132509873
0.640178821826354
0.5103504491206409
0.6791328172250805
0.7521421694864414
0.8562256109657851
0.3402038363427874
0.4093361014960776
0.36544757154565166
0.3287036098784458
0.39788358407182245
0.7647465327663991
0.3657779196500601
0.9424612843125408
0.28004984240919617
0.3134297866713386
0.3754030445807305
0.9388510426786573
0.8197970453298308
0.9390906071198347
0.4123282508235948
0.42629646021222234
0.08661979029235634
0.44732883287339587
0.758811048578168
0.034146111560359294
0.8352256150970346
0.29171178232340345
0.9893308453085076
0.7499533798675309
0.9690469081395839
0.4340398358129206
0.27437207632079863
0.48783689226788374
0.8512910537465542
0.7865518893000436
0.9714157560021895
0.15331937107681604
0.06057206290036943
0.18647367484085353
0.048744439510056026
0.3225452042099023
0.9014991468061966
0.14224100426101283
0.32839192466400735
0.8245849721619987
0.44024990162631394
0.205509296525351
0.9729316304505408
0.9054262791751767
0.8109264717350999
0.5773395358918832
0.691392335339606
0.4761680107375722
0.08332974505125135
0.6436425429317288
0.15540785916290134
0.14196115583703284
0.9994833951930849
0.6471244313805098
0.07381257335775071
0.2803371757674311
0.06839830542262781
0.7660127500947036
0.0005601141800363196
0.41110699421606733
0.3198896271222367
0.1687311508532814
0.3704496461070377
0.408437128988538
0.08065981672171596
0.7685327973498821
0.20967440477180466
0.5326057502012124
0.19981706742370897
0.0744023840318867
0.7939649971036548
0.3842440265758107
0.5680767155962693
0.10798647511108728
0.1351208889952612
0.864396090640475
0.3595308977207037
0.7437216574315412
0.49675475366640365
0.8422236281312088
0.7244704090735514
0.3495776643724091
0.29415989544699284
0.7400198933920636
0.6009779995998557
0.0010282353778615638
0.7004921833468322
0.21940411462836218
0.30298204279303853
0.9235819812613165
0.7028158768029416
0.6185063408601453
0.7514693599276353
0.9538773313217994
0.08215422035061581
0.556976560414643
0.5607710412231456
0.5123055587495281
0.3326420442941689
0.3765953673651242
0.5555534411516172
0.9820469585002121
0.6783430280531464
0.31962074478524927
0.8572487436864265
0.8680485974076894
0.2972903700206171
0.8836900463213044
0.9143195196953328
0.974725562402364
0.4617550240129258
0.48877014611018865
0.03560911256488075
0.008959601380616022
0.5251095042656753
0.559193528979714
0.7691055093524352
0.26128674328509616
0.8125457907595096
0.17700840381001526
0.07127418187979617
0.40497612297904795
0.11126904420830208
0.022274956764563925
0.337289265803434
0.5195481701652682
0.3180248881830523
0.22616847811500973
0.03491186761907672
0.3079970163011857
0.9501666469038167
0.7341726367960381
0.9314994151375057
0.08756181969070553
0.6130028135001179
0.9143679525968297
0.6406775016415921
0.8848292422434915
0.4974513503161252
0.6495394249953663
0.062035773980995024
0.9627353386964008
