

49027849573693202016831483632288631019808489156023569102048032150709765393653121181751127578575150457778413775376318751815435494031059936819766580971267297386871600535770171180352357436389146506250000


172294788480927470854941781874710437286070659277780650071535516231337741361583941039937997353672134039446400936723729530991742022963920663063490276394464733091639231901339240204663904305031266487740176


677831871783701532300897784585499208346719377566543225179380181054958185838154936591012995410783077665372697371202458854074017922665180990111835403525623367595128664831952569506063429779157648153610000


442104635956911201445237929173038421237670513447070782150511516842120615382656806532997160958406917949667477698680382257208427441864625305871548894398420362570483654469118735945055186361557440004089616


208416074011458815359664753626749463790735422599441321480653564429040950640365136844471589146247180088529855052135254372890849885517785120664349128530155607842310695910303648690921393421096578693605136


43097075733033327872955838649700760895533188069931215495595742369602125696568131712037256069275400285342127391288617271366138195243625905149643010419843335974573632790451866558776765479383798749792016


42648931432498309848790550073511988668503793367405699517792717647216412418840619795461160681798686301496002633124402829805296181228450228973221237896618391273895725055199200523563629292687823922415376


481965502329098595360539010565594104677882278007474068794076117707092200904877074423087681580671187675934685954309184183049287834258225463510536612605752505360491892364875560937232807949510756694542096


542322892323449706314008767659365421730210678018802279300778607873105141179524226240759989475173838143895700428306362378764603776208353740234551267390248232366090700222615028717717031651951745861420816


254384274059814857532597716361652152797956716637819477554082844637328327150325146434181493800096470559856147819178685629308744171675950907901439616717325598350039391062552356319790875026380606771210000


427805153486283677939544554277220342319051501552310107729426042604963589986982737667656537306146141250097075058549450168877991636262263028657996153605979428638398675461657386417801733171806283108386576


723665991535034050981924757135105772783134255801198080784042178634101070904530099487682048232077660043626868352134475863493793725603374799769183268951246399405297214020567332803116973600744358763063056


31874144632387131101376938678899511999580022648615622588608776896891726927047965909899965591931899518659763741401128030947828876620178291816485348175029012746223504737647659191912718836766160768010000


29255681102229800222110290628862481132684253848101390681249317850315415212587988600809285725526910167412588379049106708942379908168226713514531726790786496084577371394130529853149864012840034359535376


31496705108452701523119877517469860769924564376785927543640670642276774549972319756502585860649391800200745891648218545045756746784212024877106330308025632271859828077038788297894136821914554163210000


83087341309937069302019938830353344095846424901058408227270470515834786141285556077373276652307876286015932398018054930270233554548854354782313058941675101447999611780690184371977729918386889548810000


921843809106665273558422613067527278083742802406569278899634991606763393211346514011906063514749001624961197809128249174365442009226306685455700385365370444185865261722170921567155230675513418506250000


125248681624368339689069548327074227798721711781622429424951318782909167917057034954319625935379802071386205016975900340573741145043169931997730212728980492716394312249355571208210807531640625


501255272544617898209341385968438858036255653293025421051090223544065355384688437139298552478351240485226218089752567954279125083011052707667171144598174299390819294285765629227583539927513967956330256


925576372995314788182635587286598291936187485019638974372522730458267330128305924027430811084365403549601347846780522263768625711431438602342923669282522403883448974423899713076111523458534033726539536


927882814532348014916132913424257619735630209082391871368653532552757248676333351495034910521263844351243719376313660304867359508752879142667616302337944197533772371354682710898051967773666897383827216


219329093573991184549119798336440969729674734200545536064376142002200575405763976106408521382284956318879004438055751116458297951218811764466289759893595948938691364038487320927374445354792184496613136


111345091682144839567217844168373293822854821923640889028224285573254066036901506080604521015422269439478621584653124588980356856515834156017708926764975427421934384723359742361087862396682128906250000


522165442464133944893427345753542625575693570062238230839210550699532758752251363767878867846405015477561672713386322650438965090534618010579206440619703840254994872694536047819099041975708477911156496


649335406586496703622868762848682394210203583723962352651559121204438207657443747672442672640222451429775930208796511209407489928410447148271719064100325441068918460254934296337223340979526424357594896


184896992248487145695964326602463024746225469405582642323481653261925053708025712726612660508897026017530024753355477043557226378663320455027462155641570034989357953392515661933894095127456843955753734866894461801407636805663524451993196664130886691851388341067957687397179694697429180818359970236746528593646741881846300458324384693841


29012067516702075172305581408012952023179961450046661047035625071585233179372298670098863460280106528834052725575286119662662407813896519631113457519428022058282077233768734603388949818878760628586256


652026179513323602234608540982940521985707876790647991818517922353400178296419278437781792593831557036495373445051398042663359061150899073887071918887318746160061275650748328291961984953128662092810000


986284224903638744157083390153156331704867012675257689873190911603552866508299950000522471715379928126195156384113816378764982601207344542382180294319702261086188760586554386495092947531653515917960976


94107620561321975876589195865868769988708960708568257526158956814191972848848467020670004845803424934907014543126128656693442099617242945838155988023988645842427232611411947919413404855834813185222416


442799096466247336258135648542630468524404330156298804465388064420043171015104568661704157527300466913666938708976911961839776223732654374433334718232505157785221825264313253722983777127730248318068496


866692165810630318639254533012248741479238457234436871243703460123107478219417827729919437590739973735038521553750809940257119399132829622864078854844693724960437993906563520545910356782799723176134416


88896763031096620458165819252002265978227819226889838681498017745812567458722970083292565198550946510916221154242814432057442719578826965352044581699398469600280597351940804705136530803316629478410000


928261248224457477863767105415961178329658829986224343853277703601733355933267955540236235982268106241045063785909797205978193031643042528157942871677999213884984204885331806942042085251816696463640336


31990428258334321807931651467375904828320227425682773063618781556077105926863436062958639247112002780398715580851848656523448742082625912164836749213276275603756930249390808882183928100636907022083856


48868844938316121320687301744950300014420296218616674044302931655038878123912517436126727078318920778363097769595834049906043344571223659263333140906679844941666353574183372137100099438679501818341136


252593669183493788640839759665573073882798968897422540044027807389622429855988473602783949316160682011591894820682064753736894303506326706139657837565856715307061146523874132467009140003538178714085136


428065509822988312541013707850732865925308017233272980491457741344272413942407777839396922257309252723668733453016793235371947702991543398297479178251265877219934034934792986300020470805243807202952976


27266151914435349607876236979914278789102342667339570902605277627321825364204807662242426630503358695114587750426778610734353667153030035647898676747038301429499765370312096732444131628373265094158096


154554208615361293962082170804461126947638970796952846664133859449222245585315192090418780071230918725403679913551108891482475415696758332194107622693101336302719280543656926606803177342331833823430416


253184871018173357408600452410998570166811324196148583384740192832306478011305033181237399086775073977079323814956684143136220055952701111637162090560302272687618809116255617839494798449050690906965776


118439085968105780916327351617277484934308641139472033950893244255309992502474080325387440956813404697218194350767020783132504804340172371806428510055074715056555477673504536555752795849570142860773136


582322469844666210462276368518282668433381700714841076627553526094498287043017053482768131258850690869580671048850382097651353507452711658214035031585675769989695540011298178536588706141125654554699536


625251635075795250655665548533980870309817492695397873357720862823875646575954997884624454576558285052562786952192654786178202442289532702763245333897931697989586127785799524297423066609826256104974096


459843093211267545896866419373804041584154530415958442814565680810494687631215143916462765009346556635657662652301300339543599970271541368950905250298459734096288903389808215972515713235572373232387856


699679064001594672187207704382113441200006754451325617661226360397407730491718873026824142589811580166310364953472091050380345344422180999814263198840795239304167375599461374167796787723776868261062416


28976217861970859129708064908277202139882992028171962056587059703178631625787938415518406518931450639018180904902642176577270274113475406590223005278741384392087064965108106419615821973014097912129296


302750496985022399014791824592096297555585410010896609008733780349931848367960864773640863083839764442642720747059258048413053004140283352171603653797201555521111948115627386560495698313357359378302736


445174436701896664333289311145026667993371923360720212527746244430721635317339350327645452593023032284400243608010371771321667457924773447721227976768072911102037041845055394359584719581098678091851536


833947528945707922338648120904470756843906621973913152324593666573682209658848958491973115785946298856743798538580609088906851994343148019588994219235934142365886245993986962955463749186122570931070736


94416719123448068775174465418215577786696180117249194475906677363897032629938983049997337253561467821448190603466519998788087265083712475219269431812784043761640795149925362634485206939073877347362576


755313685553525325609646776721395659608030810355052748656285309836347624374966370120456308867028286464688072952344775375931992606976040675065573125259473564707795104983049737817237863639573779588171536


118236790603220597338286863576279780288168426649057687418443795332368076694211677082260037649822149333255356540127894300123678377372824263205211285943532695528512054461329149636275027110751368060430096


446376051710812259068156778530249640828658236184908276827254969659881768575352017949623569362685611674600703061883144618952030360371417611220711304414443131591249158788213397752763245381125105422411536


163108656161798564690203119067438731588653514681044362943327734875020321381355485517274203514273797665067899323333591095743826781557135069632312686973760275530698557390625980461841827893346369458456336


779845017160444531486628796806939162658463581886128816326041844112241981562321202583562721292903126322901855870361102525607281440995676557536387532745089074663085934240871861011712859675598289304119056


171680542724254089150724369075636860881561740639443447403991907144155043889456031184227042605537625708619190865538321595495754050771552489950588341254767905917106592421615121882232598897306466913601296


49620546793711579782402639693377280522728526662509820457210884055445991049736319471760879817907638541914701296886947181962112393611224773708306316648797562964914200791382533487387764578519064974083856